crossing time (s)	slope (V/s)	crossing number
281474976710655.000000	Inf	7922	0.000000
281474976710655.000000	168.020432	7923	0.000000
281474976710655.000000	Inf	7924	0.000000
281474976710655.000000	Inf	7925	0.000000
281474976710655.000000	169.259125	7926	0.000000
281474976710655.000000	Inf	7927	0.000000
281474976710655.000000	169.145096	7928	0.000000
281474976710655.000000	Inf	7929	0.000000
281474976710655.000000	180.553268	7930	0.000000
281474976710655.000000	164.976227	7931	0.000000
281474976710655.000000	Inf	7932	0.000000
281474976710655.000000	Inf	7933	0.000000
281474976710655.000000	84.219490	7934	0.000000
281474976710655.000000	Inf	7935	0.000000
281474976710655.000000	Inf	7936	0.000000
281474976710655.000000	Inf	7937	0.000000
281474976710655.000000	Inf	7938	0.000000
281474976710655.000000	174.325180	7939	0.000000
281474976710655.000000	160.670334	7940	0.000000
281474976710655.000000	Inf	7941	0.000000
281474976710655.000000	Inf	7942	0.000000
281474976710655.000000	Inf	7943	0.000000
281474976710655.000000	Inf	7944	0.000000
281474976710655.000000	Inf	7945	0.000000
281474976710655.000000	Inf	7946	0.000000
281474976710655.000000	Inf	7947	0.000000
281474976710655.000000	155.081268	7948	0.000000
281474976710655.000000	Inf	7949	0.000000
281474976710655.000000	Inf	7950	0.000000
281474976710655.000000	Inf	7951	0.000000
281474976710655.000000	Inf	7952	0.000000
281474976710655.000000	162.200592	7953	0.000000
281474976710655.000000	168.488159	7954	0.000000
281474976710655.000000	152.833878	7955	0.000000
281474976710655.000000	159.251266	7956	0.000000
281474976710655.000000	Inf	7957	0.000000
281474976710655.000000	158.620377	7958	0.000000
281474976710655.000000	73.414299	7959	0.000000
281474976710655.000000	Inf	7960	0.000000
281474976710655.000000	157.540802	7961	0.000000
281474976710655.000000	Inf	7962	0.000000
281474976710655.000000	154.635529	7963	0.000000
281474976710655.000000	Inf	7964	0.000000
281474976710655.000000	Inf	7965	0.000000
281474976710655.000000	Inf	7966	0.000000
281474976710655.000000	Inf	7967	0.000000
281474976710655.000000	Inf	7968	0.000000
281474976710655.000000	Inf	7969	0.000000
281474976710655.000000	Inf	7970	0.000000
281474976710655.000000	162.110962	7971	0.000000
281474976710655.000000	Inf	7972	0.000000
281474976710655.000000	Inf	7973	0.000000
281474976710655.000000	Inf	7974	0.000000
281474976710655.000000	Inf	7975	0.000000
281474976710655.000000	149.875626	7976	0.000000
281474976710655.000000	Inf	7977	0.000000
281474976710655.000000	147.900223	7978	0.000000
281474976710655.000000	Inf	7979	0.000000
281474976710655.000000	Inf	7980	0.000000
281474976710655.000000	141.465790	7981	0.000000
281474976710655.000000	142.355621	7982	0.000000
281474976710655.000000	151.730194	7983	0.000000
281474976710655.000000	74.843758	7984	0.000000
281474976710655.000000	147.368851	7985	0.000000
281474976710655.000000	Inf	7986	0.000000
281474976710655.000000	154.353745	7987	0.000000
281474976710655.000000	133.698364	7988	0.000000
281474976710655.000000	156.942490	7989	0.000000
281474976710655.000000	147.661743	7990	0.000000
281474976710655.000000	Inf	7991	0.000000
281474976710655.000000	Inf	7992	0.000000
281474976710655.000000	Inf	7993	0.000000
281474976710655.000000	132.299713	7994	0.000000
281474976710655.000000	Inf	7995	0.000000
281474976710655.000000	Inf	7996	0.000000
281474976710655.000000	Inf	7997	0.000000
281474976710655.000000	142.731750	7998	0.000000
281474976710655.000000	Inf	7999	0.000000
281474976710655.000000	146.932388	8000	0.000000
281474976710655.000000	149.975952	8001	0.000000
281474976710655.000000	157.852875	8002	0.000000
281474976710655.000000	145.277740	8003	0.000000
281474976710655.000000	Inf	8004	0.000000
281474976710655.000000	76.244965	8005	0.000000
281474976710655.000000	138.222794	8006	0.000000
281474976710655.000000	145.441101	8007	0.000000
281474976710655.000000	147.034470	8008	0.000000
281474976710655.000000	130.379242	8009	0.000000
281474976710655.000000	146.812927	8010	0.000000
281474976710655.000000	Inf	8011	0.000000
281474976710655.000000	151.743332	8012	0.000000
281474976710655.000000	139.145081	8013	0.000000
281474976710655.000000	Inf	8014	0.000000
281474976710655.000000	67.653236	8015	0.000000
281474976710655.000000	65.887222	8016	0.000000
281474976710655.000000	138.620148	8017	0.000000
281474976710655.000000	Inf	8018	0.000000
281474976710655.000000	128.286545	8019	0.000000
281474976710655.000000	147.322678	8020	0.000000
281474976710655.000000	140.456604	8021	0.000000
281474976710655.000000	Inf	8022	0.000000
281474976710655.000000	137.406387	8023	0.000000
281474976710655.000000	Inf	8024	0.000000
281474976710655.000000	Inf	8025	0.000000
281474976710655.000000	Inf	8026	0.000000
281474976710655.000000	66.658173	8027	0.000000
281474976710655.000000	144.787308	8028	0.000000
281474976710655.000000	Inf	8029	0.000000
281474976710655.000000	Inf	8030	0.000000
281474976710655.000000	Inf	8031	0.000000
281474976710655.000000	128.376266	8032	0.000000
281474976710655.000000	149.132431	8033	0.000000
281474976710655.000000	Inf	8034	0.000000
281474976710655.000000	65.355942	8035	0.000000
281474976710655.000000	138.106796	8036	0.000000
281474976710655.000000	124.352867	8037	0.000000
281474976710655.000000	141.833542	8038	0.000000
281474976710655.000000	132.086227	8039	0.000000
281474976710655.000000	130.537354	8040	0.000000
281474976710655.000000	Inf	8041	0.000000
281474976710655.000000	Inf	8042	0.000000
281474976710655.000000	Inf	8043	0.000000
281474976710655.000000	128.016754	8044	0.000000
281474976710655.000000	138.895676	8045	0.000000
281474976710655.000000	145.184296	8046	0.000000
281474976710655.000000	130.233871	8047	0.000000
281474976710655.000000	130.782867	8048	0.000000
281474976710655.000000	117.396126	8049	0.000000
281474976710655.000000	69.360664	8050	0.000000
281474976710655.000000	128.751572	8051	0.000000
281474976710655.000000	140.394302	8052	0.000000
281474976710655.000000	127.145714	8053	0.000000
281474976710655.000000	128.783401	8054	0.000000
281474976710655.000000	67.422607	8055	0.000000
281474976710655.000000	118.563957	8056	0.000000
281474976710655.000000	132.823349	8057	0.000000
281474976710655.000000	Inf	8058	0.000000
281474976710655.000000	135.446594	8059	0.000000
281474976710655.000000	122.283279	8060	0.000000
281474976710655.000000	Inf	8061	0.000000
281474976710655.000000	Inf	8062	0.000000
281474976710655.000000	Inf	8063	0.000000
281474976710655.000000	Inf	8064	0.000000
281474976710655.000000	134.209396	8065	0.000000
281474976710655.000000	Inf	8066	0.000000
281474976710655.000000	Inf	8067	0.000000
281474976710655.000000	Inf	8068	0.000000
281474976710655.000000	65.261200	8069	0.000000
281474976710655.000000	65.848274	8070	0.000000
281474976710655.000000	120.588051	8071	0.000000
281474976710655.000000	121.336464	8072	0.000000
281474976710655.000000	132.934570	8073	0.000000
281474976710655.000000	Inf	8074	0.000000
281474976710655.000000	121.481766	8075	0.000000
281474976710655.000000	124.473274	8076	0.000000
281474976710655.000000	116.117126	8077	0.000000
281474976710655.000000	Inf	8078	0.000000
281474976710655.000000	128.209747	8079	0.000000
281474976710655.000000	118.822990	8080	0.000000
281474976710655.000000	124.513123	8081	0.000000
281474976710655.000000	123.985229	8082	0.000000
281474976710655.000000	137.026505	8083	0.000000
281474976710655.000000	111.792038	8084	0.000000
281474976710655.000000	Inf	8085	0.000000
281474976710655.000000	141.082245	8086	0.000000
281474976710655.000000	Inf	8087	0.000000
281474976710655.000000	112.226463	8088	0.000000
281474976710655.000000	130.109909	8089	0.000000
281474976710655.000000	57.544559	8090	0.000000
281474976710655.000000	55.449371	8091	0.000000
281474976710655.000000	121.594849	8092	0.000000
281474976710655.000000	116.369072	8093	0.000000
281474976710655.000000	Inf	8094	0.000000
281474976710655.000000	116.504120	8095	0.000000
281474976710655.000000	111.272240	8096	0.000000
281474976710655.000000	116.213783	8097	0.000000
281474976710655.000000	Inf	8098	0.000000
281474976710655.000000	131.436035	8099	0.000000
281474976710655.000000	138.403427	8100	0.000000
281474976710655.000000	112.450287	8101	0.000000
281474976710655.000000	Inf	8102	0.000000
281474976710655.000000	Inf	8103	0.000000
281474976710655.000000	126.458641	8104	0.000000
281474976710655.000000	125.994804	8105	0.000000
281474976710655.000000	129.252258	8106	0.000000
281474976710655.000000	100.663689	8107	0.000000
281474976710655.000000	124.158867	8108	0.000000
281474976710655.000000	117.715057	8109	0.000000
281474976710655.000000	110.684784	8110	0.000000
281474976710655.000000	Inf	8111	0.000000
281474976710655.000000	117.263756	8112	0.000000
281474976710655.000000	128.298126	8113	0.000000
281474976710655.000000	118.393127	8114	0.000000
281474976710655.000000	126.545288	8115	0.000000
281474976710655.000000	59.492798	8116	0.000000
281474976710655.000000	108.681679	8117	0.000000
281474976710655.000000	107.041351	8118	0.000000
281474976710655.000000	59.202614	8119	0.000000
281474976710655.000000	Inf	8120	0.000000
281474976710655.000000	115.921349	8121	0.000000
281474976710655.000000	Inf	8122	0.000000
281474976710655.000000	55.812428	8123	0.000000
281474976710655.000000	111.421074	8124	0.000000
281474976710655.000000	55.107258	8125	0.000000
281474976710655.000000	119.398499	8126	0.000000
281474976710655.000000	107.438316	8127	0.000000
281474976710655.000000	Inf	8128	0.000000
281474976710655.000000	118.713974	8129	0.000000
281474976710655.000000	57.159634	8130	0.000000
281474976710655.000000	75.671204	8131	0.000000
281474976710655.000000	Inf	8132	0.000000
281474976710655.000000	57.627453	8133	0.000000
281474976710655.000000	101.541122	8134	0.000000
281474976710655.000000	115.470055	8135	0.000000
281474976710655.000000	105.396561	8136	0.000000
281474976710655.000000	100.649582	8137	0.000000
281474976710655.000000	108.415779	8138	0.000000
281474976710655.000000	106.532578	8139	0.000000
281474976710655.000000	Inf	8140	0.000000
281474976710655.000000	111.251350	8141	0.000000
281474976710655.000000	111.213867	8142	0.000000
281474976710655.000000	106.921844	8143	0.000000
281474976710655.000000	108.504059	8144	0.000000
281474976710655.000000	Inf	8145	0.000000
281474976710655.000000	55.272091	8146	0.000000
281474976710655.000000	106.927017	8147	0.000000
281474976710655.000000	113.848534	8148	0.000000
281474976710655.000000	110.346603	8149	0.000000
281474976710655.000000	104.898148	8150	0.000000
281474976710655.000000	73.148232	8151	0.000000
281474976710655.000000	103.899254	8152	0.000000
281474976710655.000000	95.709000	8153	0.000000
281474976710655.000000	110.362282	8154	0.000000
281474976710655.000000	98.857666	8155	0.000000
281474976710655.000000	104.994217	8156	0.000000
281474976710655.000000	109.058556	8157	0.000000
281474976710655.000000	57.445347	8158	0.000000
281474976710655.000000	102.780670	8159	0.000000
281474976710655.000000	50.648022	8160	0.000000
281474976710655.000000	111.821831	8161	0.000000
281474976710655.000000	195.651047	8162	0.000000
281474976710655.000000	Inf	8163	0.000000
281474976710655.000000	102.688950	8164	0.000000
281474976710655.000000	101.137260	8165	0.000000
281474976710655.000000	55.033714	8166	0.000000
281474976710655.000000	56.788338	8167	0.000000
281474976710655.000000	104.746407	8168	0.000000
281474976710655.000000	105.002693	8169	0.000000
281474976710655.000000	121.239128	8170	0.000000
281474976710655.000000	50.869267	8171	0.000000
281474976710655.000000	50.465118	8172	0.000000
281474976710655.000000	120.702477	8173	0.000000
281474976710655.000000	49.160629	8174	0.000000
281474976710655.000000	103.789154	8175	0.000000
281474976710655.000000	108.227684	8176	0.000000
281474976710655.000000	107.051735	8177	0.000000
281474976710655.000000	91.428139	8178	0.000000
281474976710655.000000	53.664310	8179	0.000000
281474976710655.000000	95.125084	8180	0.000000
281474976710655.000000	89.606972	8181	0.000000
281474976710655.000000	105.172997	8182	0.000000
281474976710655.000000	112.848999	8183	0.000000
281474976710655.000000	91.241386	8184	0.000000
281474976710655.000000	206.470978	8185	0.000000
281474976710655.000000	100.114540	8186	0.000000
281474976710655.000000	50.872524	8187	0.000000
281474976710655.000000	45.426277	8188	0.000000
281474976710655.000000	65.817856	8189	0.000000
281474976710655.000000	100.735558	8190	0.000000
281474976710655.000000	67.315109	8191	0.000000
281474976710655.000000	Inf	8192	0.000000
281474976710655.000000	93.983116	8193	0.000000
281474976710655.000000	99.022575	8194	0.000000
281474976710655.000000	Inf	8195	0.000000
281474976710655.000000	97.971611	8196	0.000000
281474976710655.000000	98.248322	8197	0.000000
281474976710655.000000	102.517906	8198	0.000000
281474976710655.000000	51.709377	8199	0.000000
281474976710655.000000	90.946579	8200	0.000000
281474976710655.000000	52.774414	8201	0.000000
281474976710655.000000	53.474075	8202	0.000000
281474976710655.000000	100.709267	8203	0.000000
281474976710655.000000	100.557724	8204	0.000000
281474976710655.000000	94.147247	8205	0.000000
281474976710655.000000	93.674194	8206	0.000000
281474976710655.000000	50.950878	8207	0.000000
281474976710655.000000	Inf	8208	0.000000
281474976710655.000000	86.677605	8209	0.000000
281474976710655.000000	91.078293	8210	0.000000
281474976710655.000000	90.802658	8211	0.000000
281474976710655.000000	89.284477	8212	0.000000
281474976710655.000000	103.711411	8213	0.000000
281474976710655.000000	96.987068	8214	0.000000
281474976710655.000000	94.403130	8215	0.000000
281474976710655.000000	87.066589	8216	0.000000
281474976710655.000000	Inf	8217	0.000000
