num crossings	time (s)	maj axis (mm)	min axis (mm)	theta (rad )	slope (V/s)
9141	11156.826285	85.875562	14.441344	0.078474	127.098178
9145	11160.977024	85.635915	14.150685	0.086056	131.910230
9147	11163.051344	85.348427	14.081363	0.087077	137.582925
9149	11165.127264	85.119511	13.990523	0.090085	133.515769
9151	11167.204222	85.030340	13.901187	0.097391	127.242538
9153	11169.282216	84.959443	13.859111	0.103412	127.468306
9157	11173.431873	85.139784	13.594613	0.108049	132.387935
9159	11175.505422	84.596352	13.518174	0.108795	128.700692
9161	11177.581045	84.605855	13.481032	0.111961	127.503114
9163	11179.657454	84.162253	13.390083	0.117354	140.561035
9165	11181.734181	84.274881	13.313742	0.121935	128.241157
9169	11185.885668	84.545829	13.113839	0.130373	128.279935
9171	11187.960764	83.538606	13.046441	0.133365	127.604008
9175	11192.110702	83.706735	12.855839	0.138023	124.464289
9177	11194.185409	83.515908	12.792571	0.141501	129.253221
9179	11196.259511	83.663474	12.738726	0.144179	126.701606
9181	11198.333302	83.310565	12.667257	0.148866	123.944622
9185	11202.483152	82.731734	12.430304	0.156127	123.401986
9187	11204.560080	82.808901	12.370770	0.155275	121.567599
9191	11208.710176	82.829598	12.251268	0.161797	124.572316
9193	11210.783341	82.604066	12.201790	0.166785	125.437432
9195	11212.856547	82.267325	12.105389	0.173085	121.981963
9197	11214.930645	82.170943	12.018679	0.174802	120.911285
9199	11217.005710	82.247257	11.957494	0.177053	122.353132
9201	11219.081109	82.145174	11.886833	0.178823	121.480771
9205	11223.230145	81.522806	11.565952	0.184318	120.839650
9207	11225.305214	82.040040	11.702922	0.186668	122.886650
9211	11229.452383	81.478904	11.548638	0.190495	120.306857
9213	11231.526192	81.263183	11.497132	0.192866	121.919132
9215	11233.601257	81.132682	11.452143	0.196234	119.960505
9219	11237.752599	81.055081	11.309775	0.204136	120.774080
9221	11239.827497	80.989083	11.241174	0.207929	121.074668
9223	11241.901341	80.517582	11.197891	0.209631	118.567027
9227	11246.046287	80.539478	11.084818	0.209861	117.920126
9229	11248.119818	80.545190	11.088561	0.211123	118.278724
9231	11250.194649	80.305244	11.034626	0.213727	116.346656
9235	11254.344359	80.032870	10.890544	0.220570	121.065176
9237	11256.418434	79.862160	10.857588	0.223466	114.122269
9239	11258.492696	79.847550	10.785851	0.225904	116.022637
9241	11260.566026	79.716887	10.761337	0.227722	114.986493
9243	11262.639455	79.344697	10.714120	0.231568	116.181879
9245	11264.712796	79.596627	10.689464	0.233226	114.363883
9247	11266.785935	79.264561	10.656542	0.236927	113.649026
9249	11268.860553	79.481394	10.613673	0.239820	111.764728
9251	11270.935896	79.356031	10.591074	0.239683	116.061327
9253	11273.011087	79.039704	10.554171	0.240018	115.514513
9255	11275.085707	78.967152	10.526324	0.241562	113.196413
9259	11279.232405	78.822264	10.451575	0.247967	112.017581
9261	11281.304613	78.691462	10.423036	0.251043	107.087680
9265	11285.450544	78.219019	10.303707	0.257398	112.693229
9267	11287.524093	78.337537	10.315288	0.258172	107.508648
9271	11291.672001	78.145207	10.211169	0.262409	112.154381
9273	11293.745917	77.832042	10.188650	0.263175	112.501061
9277	11297.892753	77.485278	10.107532	0.266874	110.251441
9279	11299.966812	77.655802	10.085426	0.269465	109.606467
9283	11304.114930	77.112540	10.019100	0.274936	109.619058
9285	11306.189549	77.195186	10.007116	0.276258	112.242498
9287	11308.264205	77.110190	9.976334	0.279534	106.247576
9291	11312.411989	76.947802	9.883267	0.283715	107.484640
9293	11314.484880	76.787449	9.873336	0.284754	105.882013
9295	11316.556754	76.804816	9.872739	0.284436	104.147555
9297	11318.629273	76.447683	9.843498	0.285987	107.120197
9301	11322.775417	76.202806	9.809781	0.289188	105.272238
9303	11324.849074	76.008182	9.780040	0.291690	104.763558
9307	11328.996697	76.052582	9.739223	0.296629	104.255031
9309	11331.070202	75.724024	9.702470	0.300110	104.027383
9311	11333.143319	75.805911	9.694832	0.301294	105.315088
9313	11335.216478	75.676998	9.697893	0.302926	100.247793
9317	11339.363720	75.530596	9.629311	0.309797	101.736087
9319	11341.437242	75.226685	9.620510	0.307968	99.343855
9323	11345.586334	75.061546	9.581034	0.311848	100.115656
9327	11349.734088	75.097558	9.576492	0.313850	102.105992
9329	11351.807028	74.764840	9.547087	0.317310	100.328941
9333	11355.951713	74.551379	9.488725	0.321244	99.421882
9335	11358.024030	74.456938	9.480997	0.323720	100.402696
9337	11360.097146	74.594032	9.497842	0.325098	100.599586
9339	11362.169616	74.055233	9.465611	0.327154	101.763566
9343	11366.315974	74.024808	9.437076	0.329984	96.850464
9345	11368.388950	73.716773	9.415556	0.331937	96.670787
9349	11372.535636	73.657470	9.380334	0.335114	96.556752
9351	11374.609113	73.458421	9.354752	0.336844	98.055993
9355	11378.756641	73.378084	9.327006	0.340479	95.410818
9357	11380.830823	73.215153	9.322490	0.341906	95.308099
9361	11384.978745	72.936304	9.252504	0.346683	98.690227
9363	11387.052635	72.832773	9.256510	0.349034	95.243908
9365	11389.125734	72.866599	9.271261	0.350873	96.467752
9369	11393.271335	72.614364	9.237438	0.353849	97.265789
9371	11395.343748	72.680675	9.248742	0.354374	95.447313
9375	11399.488034	72.333059	9.249839	0.355421	94.820199
9377	11401.560159	72.114356	9.244212	0.357035	92.613077
9381	11405.706005	72.064324	9.244678	0.360150	91.989921
9383	11407.779648	71.784050	9.229126	0.362409	94.703116
9387	11411.925984	71.864037	9.219418	0.366686	93.058491
9389	11413.999384	71.568590	9.197059	0.369633	91.141954
9393	11418.144867	71.273421	9.184548	0.372875	89.261134
9395	11420.218103	70.963246	9.162883	0.374202	91.628459
9399	11424.366016	70.740797	9.149400	0.377381	88.898407
9401	11426.441012	70.819496	9.179093	0.377690	88.339944
9405	11430.588066	70.639898	9.185573	0.381472	89.374552
9407	11432.661034	70.350101	9.148041	0.384338	87.570395
9411	11436.806860	70.377198	9.167692	0.387125	96.785845
9413	11438.879698	70.219289	9.173540	0.388860	89.691026
9415	11440.952085	70.074736	9.169737	0.390563	85.827660
9417	11443.024586	69.954990	9.162749	0.392620	85.161150
9419	11445.097032	69.862860	9.182318	0.393421	89.149710
9423	11449.242243	69.827314	9.195079	0.396931	88.754968
9425	11451.315279	69.594485	9.181549	0.398223	89.729366
9429	11455.460696	69.336727	9.153451	0.401493	87.177847
9431	11457.533610	69.248505	9.146586	0.405048	84.250972
9435	11461.679791	69.029813	9.157001	0.405963	85.620780
