num crossings	time (s)	maj axis (mm)	min axis (mm)	theta (rad )	slope (V/s)
8769	10759.407807	89.854215	-12.454239	2.973117	134.961760
8771	10761.488120	88.920760	-12.224909	2.966816	135.989847
8775	10765.648409	89.440351	-11.782793	2.956837	135.542288
8777	10767.727763	89.005276	-11.593030	2.952900	136.173165
8781	10771.887617	89.212995	-11.113277	2.943095	137.110092
8783	10773.966209	89.399164	-10.918902	2.938838	132.348272
8787	10778.124771	89.055380	-10.437743	2.929403	134.312805
8789	10780.202017	88.891463	-10.242568	2.925568	133.027503
8791	10782.279296	88.845893	-9.984937	2.920934	131.634911
8793	10784.357365	88.240742	-9.756212	2.916621	130.569796
8795	10786.434395	88.736414	-9.506247	2.912144	127.433887
8799	10790.589190	88.661767	-9.085931	2.905304	129.100802
8801	10792.667084	88.439809	-8.787498	2.900576	132.160100
8805	10796.823004	88.154090	-8.299895	2.895905	126.538677
8807	10798.901455	87.523449	-8.060168	2.893059	124.689389
8811	10803.057371	87.122706	-7.619500	2.889330	127.248031
8813	10805.135098	87.566202	-7.373932	2.885831	124.150675
8817	10809.289276	87.402910	-6.889889	2.880572	124.774349
8819	10811.366570	86.723899	-6.694812	2.876914	119.724864
8823	10815.520162	86.986149	-6.182834	2.871273	121.069705
8825	10817.596868	86.991357	-5.977139	2.869567	120.481046
8829	10821.748228	86.701354	-5.531247	2.866264	117.441624
8831	10823.823331	86.895363	-5.364104	2.864791	116.324072
8835	10827.974847	86.253384	-4.926978	2.862866	118.204584
8837	10830.050558	85.883086	-4.761725	2.861403	116.707089
8841	10834.202774	85.757261	-4.394360	2.857410	118.820742
8843	10836.279086	85.875694	-4.193536	2.856512	118.266697
8845	10838.354932	85.786802	-4.038471	2.854642	116.772524
8847	10840.431108	85.652225	-3.845789	2.853253	119.063650
8849	10842.507279	85.339657	-3.650089	2.852107	117.670179
8851	10844.583990	85.511226	-3.479119	2.850169	115.918618
8853	10846.659787	85.395468	-3.302196	2.849078	115.661960
8855	10848.735196	84.711239	-3.115824	2.848649	113.201893
8859	10852.887158	85.028860	-2.737796	2.846083	114.303703
8861	10854.962701	84.986850	-2.599467	2.844918	109.613733
8865	10859.113671	84.491078	-2.177519	2.843482	109.035674
8867	10861.189368	84.618009	-2.030737	2.842291	111.068102
8869	10863.264222	84.456941	-1.895097	2.841698	111.909427
8873	10867.415090	83.786599	-1.548745	2.840667	110.366836
8875	10869.490372	84.110914	-1.387557	2.839736	112.881135
8879	10873.640085	83.318300	-1.071693	2.839484	106.531527
8881	10875.714691	83.389002	-0.941324	2.838284	107.815236
8885	10879.863904	83.764215	-0.634502	2.835810	108.303042
8887	10881.938722	83.426872	-0.505050	2.836551	108.224919
8891	10886.087633	83.076814	-0.181813	2.835960	106.756577
8893	10888.161823	83.135800	-0.091524	2.835410	106.873604
8895	10890.236392	82.913649	0.087786	2.834633	106.553774
8897	10892.310128	82.725771	0.202950	2.834135	107.360731
8899	10894.385087	82.362110	0.362837	2.834591	107.636895
8901	10896.459323	82.503338	0.412918	2.833685	107.700184
8903	10898.533976	81.322660	0.623758	2.836464	103.850197
8905	10900.608431	82.433186	0.699039	2.832915	103.739742
8907	10902.683429	81.263201	0.848408	2.835523	105.351622
8909	10904.758236	82.128748	0.951256	2.832846	105.436548
8913	10908.908747	81.497934	1.217801	2.834747	104.844283
8915	10910.983918	81.775672	1.318580	2.833865	105.609388
8919	10915.133804	81.052205	1.573740	2.835051	104.948041
8921	10917.208151	81.128808	1.694017	2.835132	106.027766
8925	10921.356976	81.156137	1.912094	2.834255	103.405480
8927	10923.431018	80.848734	2.067953	2.834743	103.679473
8931	10927.579030	80.710792	2.297357	2.835261	105.023996
8935	10931.726203	80.544165	2.511469	2.836759	103.389957
8937	10933.800070	80.481260	2.581374	2.836020	104.359779
8941	10937.947242	79.966670	2.781463	2.837961	101.986499
8943	10940.021569	80.299828	2.877784	2.838272	106.242332
8947	10944.168991	79.903809	3.076944	2.838664	101.243966
8949	10946.242725	79.908184	3.213087	2.840089	99.314873
8951	10948.317035	79.250036	3.279253	2.842220	104.896913
8953	10950.391203	79.386794	3.366373	2.841220	102.469965
8955	10952.465304	79.488646	3.433517	2.840871	100.900569
8957	10954.539341	79.068225	3.541368	2.842477	101.299059
8959	10956.613171	79.240857	3.605470	2.841735	101.086191
8961	10958.687347	79.036635	3.713713	2.842400	98.685299
8963	10960.760670	79.045824	3.779842	2.842740	100.786100
8965	10962.835048	78.937126	3.896195	2.844038	106.987788
8967	10964.908624	78.783021	3.938146	2.844095	101.043009
8971	10969.056058	78.811837	4.112186	2.844901	98.873837
8973	10971.129321	78.639201	4.169201	2.846038	99.685907
8977	10975.277019	77.997313	4.347155	2.847675	101.390392
8979	10977.351339	78.194273	4.402468	2.847363	101.572279
8983	10981.499089	77.954039	4.585763	2.848975	102.209908
8985	10983.573074	77.516873	4.598175	2.849749	100.206704
8989	10987.721664	77.452083	4.799983	2.850692	102.293996
8991	10989.795838	77.374568	4.860251	2.851450	101.240198
8995	10993.944687	76.998440	5.056072	2.854136	98.659091
8997	10996.018450	77.117641	5.105427	2.854359	100.777823
8999	10998.092258	76.532571	5.183553	2.856287	101.826244
9003	11002.239519	76.533518	5.347841	2.857139	100.903902
9005	11004.313476	76.239881	5.392037	2.858849	98.450472
9009	11008.460158	76.396678	5.552632	2.859125	98.279669
9011	11010.532397	76.351223	5.602624	2.859729	99.356248
9015	11014.679024	75.894321	5.766424	2.862756	101.398568
9017	11016.751604	75.970430	5.793657	2.863427	98.879812
9021	11020.898289	75.527716	5.925394	2.866635	96.987963
9023	11022.971947	75.708294	5.992591	2.866022	96.914444
9025	11025.044946	75.237568	6.046757	2.870133	96.795745
9029	11029.192491	75.450866	6.121755	2.868204	99.251747
9031	11031.265190	75.262807	6.227821	2.869987	95.341342
9033	11033.339185	75.056231	6.312839	2.871004	94.411894
9035	11035.412256	74.390926	6.358200	2.869718	97.002077
9037	11037.485704	74.697757	6.419158	2.873459	93.882388
9039	11039.558797	74.834761	6.445770	2.873149	100.672086
9041	11041.632680	75.089657	6.545478	2.873758	98.766799
9043	11043.706285	74.667424	6.549592	2.875488	97.835874
9047	11047.852806	74.383304	6.669332	2.876470	93.788002
9049	11049.926310	74.360790	6.716869	2.877613	96.702593
9053	11054.073671	74.033682	6.849368	2.879647	96.424092
9055	11056.148195	73.864562	6.875738	2.881172	93.007586
9059	11060.296235	73.987741	7.001968	2.882799	95.977163
9061	11062.369120	73.599606	7.058195	2.884599	93.968329
9063	11064.442966	73.409321	7.096435	2.885585	92.283530
